200,'4159',1011,,1150,23,,,0,116,,1151,23,,,0,120,,1152,23,,,0,175,,1153,23,,,0,120,,1154,23,,,0,160,,1155,23,,,0
200,'4614',805,,1157,23,,,0,40,,1158,23,,,0,100,,1161,23,,,0,104,,1163,23,,,0,96,,1162,23,,,0,100,,1159,23,,,0,100,,1160,23,,,0,462,,1156,23,,,0
200,'4616',1041,,1532,23,,,0,100,,1533,23,,,0,100,,1540,23,,,0,105,,1534,23,,,0,95,,1539,23,,,0,105,,1538,23,,,0,95,,1535,23,,,0,105,,1536,23,,,0,100,,1537,23,,,0
200,'4619',1442,,1168,23,,,0,160,,1169,23,,,0,45,,1170,23,,,0,75,,1171,23,,,0,185,,1172,23,,,0
200,'4931',1442,,1164,23,,,0,160,,1165,23,,,0,45,,1166,23,,,0,75,,1167,23,,,0
200,'5087',805,,1130,23,,,0,40,,1131,23,,,0,100,,1134,23,,,0,104,,1136,23,,,0,96,,1135,23,,,0,100,,1132,23,,,0,100,,1133,23,,,0,97,,1137,23,,,0,160,,1138,23,,,0,45,,1139,23,,,0,75,,1140,23,,,0,85,,1129,23,,,0
1401,'4159',1027,,1418,26,,,0,116,,1419,26,,,0,160,,1420,26,,,0,135,,1421,26,,,0,120,,1422,26,,,0,160,,1423,26,,,0
1401,'4614',747,,1426,26,,,0,76,,1432,26,,,0,79,,1433,26,,,0,43,,1427,26,,,0,80,,1434,26,,,0,80,,1428,26,,,0,40,,1430,26,,,0,80,,1429,26,,,0,120,,1424,26,,,0,297,,1431,26,,,0,200,,1425,26,,,0
1401,'4616',927,,1590,26,,,0,80,,1580,26,,,0,98,,1591,26,,,0,40,,1581,26,,,0,80,,1582,26,,,0,80,,1583,26,,,0,40,,1576,26,,,0,80,,1577,26,,,0,80,,1578,26,,,0,40,,1589,26,,,0,80,,1584,26,,,0,75,,1579,26,,,0,102,,1585,26,,,0,103,,1586,26,,,0,102,,1587,26,,,0,100,,1588,26,,,0
1401,'4619',1305,,1445,26,,,0,120,,1446,26,,,0,77,,1440,26,,,0,40,,1441,26,,,0,183,,1442,26,,,0,197,,1447,26,,,0,85,,1443,26,,,0,100,,1444,26,,,0
1401,'4931',1305,,1438,26,,,0,120,,1439,26,,,0,77,,1435,26,,,0,40,,1436,26,,,0,183,,1437,26,,,0
1401,'5087',747,,1388,26,,,0,75,,1394,26,,,0,80,,1395,26,,,0,43,,1389,26,,,0,80,,1396,26,,,0,80,,1390,26,,,0,40,,1392,26,,,0,80,,1391,26,,,0,80,,1400,26,,,0,40,,1386,26,,,0,80,,1401,26,,,0,77,,1397,26,,,0,40,,1398,26,,,0,100,,1393,26,,,0,83,,1399,26,,,0,117,,1387,26,,,0
