100,'4159',1020,,1025,12,,,0,35,,1018,12,,,0,81,,1026,12,,,0,79,,1019,12,,,0,41,,1020,12,,,0,94,,1021,12,,,0,81,,1022,12,,,0,79,,1027,12,,,0,41,,1023,12,,,0,77,,1028,12,,,0,83,,1024,12,,,0
100,'4614',741,,1039,12,,,0,96,,1036,19,0,5 2 6 3 7,0,76,,1040,12,,,0,100,,1041,12,,,0,18,,1033,12,,,0,82,,1037,12,,,0,44,,1042,12,,,0,76,,1038,12,,,0,80,,1034,12,,,0,124,,1029,12,,,0,80,,1030,19,0,5 2 6 3 7,0,26,,1035,12,,,0,70,,1031,12,,,0,120,,1032,12,,,0
100,'4616',950,,1513,12,,,0,85,,1514,12,,,0,75,,1508,12,,,0,45,,1515,12,,,0,80,,1501,12,,,0,75,,1502,12,,,0,45,,1509,12,,,0,80,,1503,12,,,0,80,,1504,12,,,0,40,,1505,12,,,0,75,,1512,12,,,0,95,,1506,12,,,0,102,,1507,12,,,0,103,,1510,12,,,0,100,,1511,12,,,0
100,'4619',1353,,1048,12,,,0,300,,1045,12,,,0,178,,1049,12,,,0,100,,1046,12,,,0,100,,1047,12,,,0
100,'4931',1353,,1044,12,,,0,300,,1043,12,,,0
100,'5087',741,,997,12,,,0,96,,994,19,0,5 2 6 3 7,0,76,,998,12,,,0,100,,999,12,,,0,18,,991,12,,,0,82,,995,12,,,0,44,,1000,12,,,0,76,,996,12,,,0,80,,992,12,,,0,40,,1002,12,,,0,84,,987,12,,,0,80,,988,19,0,5 2 6 3 7,0,26,,993,12,,,0,70,,989,12,,,0,40,,1001,12,,,0,80,,990,12,,,0
101,'4159',1007,,1097,11,,,0,35,,1089,11,,,0,81,,1098,11,,,0,79,,1090,11,,,0,41,,1091,11,,,0,94,,1092,11,,,0,81,,1093,11,,,0,39,,1099,11,,,0,81,,1094,11,,,0,77,,1100,11,,,0,43,,1095,11,,,0,89,,1096,11,,,0
101,'4614',727,,1111,11,,,0,90,,1108,11,,,0,40,,1112,11,,,0,100,,1113,11,,,0,60,,1105,11,,,0,40,,1109,11,,,0,80,,1114,11,,,0,80,,1110,11,,,0,40,,1106,11,,,0,160,,1101,11,,,0,40,,1102,11,,,0,70,,1107,11,,,0,30,,1103,11,,,0,160,,1104,11,,,0
101,'4616',937,,1529,11,,,0,85,,1530,11,,,0,35,,1523,11,,,0,85,,1531,11,,,0,80,,1516,11,,,0,35,,1517,11,,,0,85,,1524,11,,,0,80,,1518,11,,,0,80,,1519,11,,,0,40,,1520,11,,,0,75,,1528,11,,,0,95,,1521,11,,,0,102,,1522,11,,,0,103,,1525,11,,,0,100,,1526,11,,,0,100,,1527,11,,,0
101,'4619',1337,,1122,11,,,0,300,,1118,11,,,0,180,,1123,11,,,0,100,,1119,11,,,0,100,,1120,11,,,0,100,,1121,11,,,0
101,'4931',1337,,1116,11,,,0,300,,1115,11,,,0,180,,1117,11,,,0
101,'5087',727,,1066,11,,,0,90,,1063,11,,,0,40,,1067,11,,,0,100,,1068,11,,,0,60,,1060,11,,,0,40,,1064,11,,,0,80,,1069,11,,,0,80,,1065,11,,,0,40,,1061,11,,,0,80,,1071,11,,,0,80,,1056,11,,,0,40,,1057,11,,,0,70,,1062,11,,,0,30,,1058,11,,,0,80,,1070,11,,,0,80,,1059,11,,,0,100,,1072,11,,,0
