301,'4159',1103,,1202,3,,,0,120,,1203,3,,,0,135,,1204,3,,,0,160,,1205,3,,,0,120,,1206,3,,,0
301,'4614',737,,1209,3,,,0,75,,1211,3,,,0,24,,1212,3,,,0,80,,1210,3,,,0,107,,1213,3,,,0,93,,1214,3,,,0,100,,1208,3,,,0,100,,1207,3,,,0
301,'4616',917,,1544,3,,,0,100,,1545,3,,,0,100,,1541,3,,,0,100,,1550,3,,,0,103,,1542,3,,,0,97,,1548,3,,,0,100,,1549,3,,,0,100,,1543,3,,,0,100,,1546,3,,,0,105,,1547,3,,,0
301,'4619',1416,,1220,3,,,0,100,,1223,3,,,0,40,,1221,3,,,0,100,,1224,3,,,0,101,,1222,3,,,0,86,,1225,3,,,0
301,'4931',1416,,1215,3,,,0,100,,1218,3,,,0,40,,1216,3,,,0,100,,1219,3,,,0,101,,1217,3,,,0
301,'5087',737,,1181,3,,,0,75,,1183,3,,,0,24,,1184,3,,,0,80,,1182,3,,,0,107,,1185,3,,,0,93,,1186,3,,,0,100,,1180,3,,,0,100,,1179,3,,,0,100,,1187,3,,,0,100,,1190,3,,,0,40,,1188,3,,,0,100,,1191,3,,,0,101,,1189,3,,,0
700,'4159',1036,,1356,3,,,0,115,,1357,3,,,0,158,,1358,3,,,0,137,,1353,3,,,0,160,,1354,3,,,0,120,,1355,3,,,0
700,'4614',754,,1365,3,,,0,57,,1360,3,,,0,40,,1361,3,,,0,100,,1366,3,,,0,104,,1368,3,,,0,96,,1367,3,,,0,100,,1362,3,,,0,100,,1363,3,,,0,303,,1364,3,,,0,88,,1359,3,,,0
700,'4616',1001,,1574,3,,,0,50,,1564,3,,,0,100,,1565,3,,,0,100,,1575,3,,,0,100,,1566,3,,,0,100,,1572,3,,,0,100,,1573,3,,,0,100,,1569,3,,,0,100,,1567,3,,,0,100,,1568,3,,,0,92,,1570,3,,,0,100,,1571,3,,,0
700,'4619',1451,,1376,3,,,0,80,,1377,3,,,0,80,,1372,3,,,0,231,,1373,3,,,0,100,,1374,3,,,0,100,,1375,3,,,0
700,'4931',1451,,1370,3,,,0,80,,1371,3,,,0,80,,1369,3,,,0
700,'5087',754,,1334,3,,,0,57,,1329,3,,,0,40,,1330,3,,,0,100,,1335,3,,,0,104,,1337,3,,,0,96,,1336,3,,,0,100,,1331,3,,,0,100,,1332,3,,,0,100,,1339,3,,,0,80,,1340,3,,,0,80,,1338,3,,,0,43,,1333,3,,,0,88,,1328,3,,,0
