101,'4159',1001,,1097,2,,,0,35,,1089,2,,,0,81,,1098,2,,,0,39,,1090,2,,,0,81,,1091,2,,,0,94,,1092,2,,,0,81,,1093,2,,,0,39,,1099,2,,,0,81,,1094,2,,,0,77,,1100,2,,,0,43,,1095,2,,,0,89,,1096,2,,,0
101,'4614',721,,1111,2,,,0,90,,1108,2,,,0,40,,1112,2,,,0,100,,1113,2,,,0,60,,1105,2,,,0,40,,1109,2,,,0,80,,1114,2,,,0,80,,1110,2,,,0,40,,1106,2,,,0,160,,1101,2,,,0,40,,1102,2,,,0,70,,1107,2,,,0,30,,1103,2,,,0,160,,1104,2,,,0
101,'4616',931,,1529,2,,,0,85,,1530,2,,,0,35,,1523,2,,,0,85,,1531,2,,,0,80,,1516,2,,,0,35,,1517,2,,,0,85,,1524,2,,,0,80,,1518,2,,,0,40,,1519,2,,,0,80,,1520,2,,,0,75,,1528,2,,,0,95,,1521,2,,,0,102,,1522,2,,,0,103,,1525,2,,,0,100,,1526,2,,,0,100,,1527,2,,,0
101,'4619',1331,,1122,2,,,0,300,,1118,2,,,0,180,,1123,2,,,0,100,,1119,2,,,0,100,,1120,2,,,0,100,,1121,2,,,0
101,'4931',1331,,1116,2,,,0,300,,1115,2,,,0,180,,1117,2,,,0
101,'5087',721,,1066,2,,,0,90,,1063,2,,,0,40,,1067,2,,,0,100,,1068,2,,,0,60,,1060,2,,,0,40,,1064,2,,,0,80,,1069,2,,,0,80,,1065,2,,,0,40,,1061,2,,,0,80,,1071,2,,,0,80,,1056,2,,,0,40,,1057,2,,,0,70,,1062,2,,,0,30,,1058,2,,,0,80,,1070,2,,,0,80,,1059,2,,,0,100,,1072,2,,,0
400,'4614',731,,1233,2,,,0,400,,1231,2,,,0,280,,1232,2,,,0
400,'4619',1731,,1235,2,,,0
400,'4931',1731,,1234,2,,,0
400,'5087',731,,1229,2,,,0,400,,1227,2,,,0,280,,1228,2,,,0,320,,1230,2,,,0
