200,'4159',1010,,1150,21,,,0,116,,1151,21,,,0,120,,1152,21,,,0,175,,1153,21,,,0,120,,1154,21,,,0,160,,1155,21,,,0
200,'4614',804,,1157,21,,,0,40,,1158,21,,,0,100,,1161,21,,,0,104,,1163,21,,,0,96,,1162,21,,,0,100,,1159,21,,,0,100,,1160,21,,,0,462,,1156,21,,,0
200,'4616',1040,,1532,21,,,0,100,,1533,21,,,0,100,,1540,21,,,0,105,,1534,21,,,0,95,,1539,21,,,0,105,,1538,21,,,0,95,,1535,21,,,0,105,,1536,21,,,0,100,,1537,21,,,0
200,'4619',1441,,1168,21,,,0,160,,1169,21,,,0,45,,1170,21,,,0,75,,1171,21,,,0,185,,1172,21,,,0
200,'4931',1441,,1164,21,,,0,160,,1165,21,,,0,45,,1166,21,,,0,75,,1167,21,,,0
200,'5087',804,,1130,21,,,0,40,,1131,21,,,0,100,,1134,21,,,0,104,,1136,21,,,0,96,,1135,21,,,0,100,,1132,21,,,0,100,,1133,21,,,0,97,,1137,21,,,0,160,,1138,21,,,0,45,,1139,21,,,0,75,,1140,21,,,0,85,,1129,21,,,0
1401,'4159',1026,,1418,24,,,0,116,,1419,24,,,0,160,,1420,24,,,0,135,,1421,24,,,0,120,,1422,24,,,0,160,,1423,24,,,0
1401,'4614',746,,1426,24,,,0,75,,1432,24,,,0,80,,1433,24,,,0,43,,1427,24,,,0,80,,1434,24,,,0,80,,1428,24,,,0,40,,1430,24,,,0,80,,1429,24,,,0,120,,1424,24,,,0,297,,1431,24,,,0,200,,1425,24,,,0
1401,'4616',926,,1590,24,,,0,80,,1580,24,,,0,98,,1591,24,,,0,40,,1581,24,,,0,80,,1582,24,,,0,80,,1583,24,,,0,40,,1576,24,,,0,80,,1577,24,,,0,80,,1578,24,,,0,40,,1589,24,,,0,80,,1584,24,,,0,35,,1579,24,,,0,142,,1585,24,,,0,103,,1586,24,,,0,102,,1587,24,,,0,100,,1588,24,,,0
1401,'4619',1304,,1445,24,,,0,120,,1446,24,,,0,77,,1440,24,,,0,40,,1441,24,,,0,183,,1442,24,,,0,197,,1447,24,,,0,85,,1443,24,,,0,100,,1444,24,,,0
1401,'4931',1304,,1438,24,,,0,120,,1439,24,,,0,77,,1435,24,,,0,40,,1436,24,,,0,183,,1437,24,,,0
1401,'5087',746,,1388,24,,,0,75,,1394,24,,,0,80,,1395,24,,,0,43,,1389,24,,,0,80,,1396,24,,,0,80,,1390,24,,,0,40,,1392,24,,,0,80,,1391,24,,,0,80,,1400,24,,,0,40,,1386,24,,,0,80,,1401,24,,,0,77,,1397,24,,,0,40,,1398,24,,,0,100,,1393,24,,,0,83,,1399,24,,,0,117,,1387,24,,,0
