100,'4159',1019,,1025,11,,,0,35,,1018,11,,,0,81,,1026,11,,,0,79,,1019,11,,,0,41,,1020,11,,,0,94,,1021,11,,,0,81,,1022,11,,,0,79,,1027,11,,,0,41,,1023,11,,,0,77,,1028,11,,,0,83,,1024,11,,,0
100,'4614',740,,1039,11,,,0,96,,1036,18,0,5 2 6 3 7,0,76,,1040,11,,,0,100,,1041,11,,,0,18,,1033,11,,,0,82,,1037,11,,,0,44,,1042,11,,,0,76,,1038,11,,,0,80,,1034,11,,,0,124,,1029,11,,,0,80,,1030,18,0,5 2 6 3 7,0,26,,1035,11,,,0,70,,1031,11,,,0,120,,1032,11,,,0
100,'4616',949,,1513,11,,,0,85,,1514,11,,,0,75,,1508,11,,,0,45,,1515,11,,,0,80,,1501,11,,,0,75,,1502,11,,,0,45,,1509,11,,,0,80,,1503,11,,,0,80,,1504,11,,,0,40,,1505,11,,,0,75,,1512,11,,,0,95,,1506,11,,,0,102,,1507,11,,,0,103,,1510,11,,,0,100,,1511,11,,,0
100,'4619',1352,,1048,11,,,0,300,,1045,11,,,0,178,,1049,11,,,0,100,,1046,11,,,0,100,,1047,11,,,0
100,'4931',1352,,1044,11,,,0,300,,1043,11,,,0
100,'5087',740,,997,11,,,0,96,,994,18,0,5 2 6 3 7,0,76,,998,11,,,0,100,,999,11,,,0,18,,991,11,,,0,82,,995,11,,,0,44,,1000,11,,,0,76,,996,11,,,0,80,,992,11,,,0,40,,1002,11,,,0,84,,987,11,,,0,80,,988,18,0,5 2 6 3 7,0,26,,993,11,,,0,70,,989,11,,,0,40,,1001,11,,,0,80,,990,11,,,0
101,'4159',1006,,1097,10,,,0,35,,1089,10,,,0,81,,1098,10,,,0,79,,1090,10,,,0,41,,1091,10,,,0,94,,1092,10,,,0,81,,1093,10,,,0,39,,1099,10,,,0,81,,1094,10,,,0,77,,1100,10,,,0,43,,1095,10,,,0,89,,1096,10,,,0
101,'4614',726,,1111,10,,,0,90,,1108,10,,,0,40,,1112,10,,,0,100,,1113,10,,,0,60,,1105,10,,,0,40,,1109,10,,,0,80,,1114,10,,,0,80,,1110,10,,,0,40,,1106,10,,,0,160,,1101,10,,,0,40,,1102,10,,,0,70,,1107,10,,,0,30,,1103,10,,,0,160,,1104,10,,,0
101,'4616',936,,1529,10,,,0,85,,1530,10,,,0,35,,1523,10,,,0,85,,1531,10,,,0,80,,1516,10,,,0,35,,1517,10,,,0,85,,1524,10,,,0,80,,1518,10,,,0,80,,1519,10,,,0,40,,1520,10,,,0,75,,1528,10,,,0,95,,1521,10,,,0,102,,1522,10,,,0,103,,1525,10,,,0,100,,1526,10,,,0,100,,1527,10,,,0
101,'4619',1336,,1122,10,,,0,300,,1118,10,,,0,180,,1123,10,,,0,100,,1119,10,,,0,100,,1120,10,,,0,100,,1121,10,,,0
101,'4931',1336,,1116,10,,,0,300,,1115,10,,,0,180,,1117,10,,,0
101,'5087',726,,1066,10,,,0,90,,1063,10,,,0,40,,1067,10,,,0,100,,1068,10,,,0,60,,1060,10,,,0,40,,1064,10,,,0,80,,1069,10,,,0,80,,1065,10,,,0,40,,1061,10,,,0,80,,1071,10,,,0,80,,1056,10,,,0,40,,1057,10,,,0,70,,1062,10,,,0,30,,1058,10,,,0,80,,1070,10,,,0,80,,1059,10,,,0,100,,1072,10,,,0
