100,'4159',1013,,1025,1,,,0,35,,1018,1,,,0,81,,1026,1,,,0,79,,1019,1,,,0,41,,1020,1,,,0,94,,1021,1,,,0,81,,1022,1,,,0,79,,1027,1,,,0,41,,1023,1,,,0,77,,1028,1,,,0,83,,1024,1,,,0
100,'4614',734,,1039,1,,,0,92,,1036,1,0,5 2 6 3 7,0,80,,1040,1,,,0,100,,1041,1,,,0,18,,1033,1,,,0,82,,1037,1,,,0,44,,1042,1,,,0,76,,1038,1,,,0,80,,1034,1,,,0,124,,1029,1,,,0,76,,1030,1,0,5 2 6 3 7,0,30,,1035,1,,,0,70,,1031,1,,,0,120,,1032,1,,,0
100,'4616',943,,1513,1,,,0,85,,1514,1,,,0,75,,1508,1,,,0,45,,1515,1,,,0,80,,1501,1,,,0,75,,1502,1,,,0,45,,1509,1,,,0,80,,1503,1,,,0,80,,1504,1,,,0,40,,1505,1,,,0,75,,1512,1,,,0,95,,1506,1,,,0,102,,1507,1,,,0,103,,1510,1,,,0,100,,1511,1,,,0
100,'4619',1346,,1048,1,,,0,300,,1045,1,,,0,178,,1049,1,,,0,100,,1046,1,,,0,100,,1047,1,,,0
100,'4931',1346,,1044,1,,,0,300,,1043,1,,,0
100,'5087',734,,997,1,,,0,92,,994,1,0,5 2 6 3 7,0,80,,998,1,,,0,100,,999,1,,,0,18,,991,1,,,0,82,,995,1,,,0,44,,1000,1,,,0,76,,996,1,,,0,80,,992,1,,,0,40,,1002,1,,,0,84,,987,1,,,0,76,,988,1,0,5 2 6 3 7,0,30,,993,1,,,0,70,,989,1,,,0,40,,1001,1,,,0,80,,990,1,,,0
101,'4159',1013,,1097,19,4,,0,35,,1089,19,4,,0,81,,1098,19,4,,0,79,,1090,19,4,,0,41,,1091,19,4,,0,94,,1092,19,4,,0,81,,1093,19,4,,0,79,,1099,19,4,,0,41,,1094,19,4,,0,77,,1100,19,4,,0,83,,1095,19,4,,0,49,,1096,19,4,,0
101,'4614',734,,1111,19,4,,0,90,,1108,19,4,,0,80,,1112,19,4,,0,100,,1113,19,4,,0,20,,1105,19,4,,0,80,,1109,19,4,,0,40,,1114,19,4,,0,80,,1110,19,4,,0,80,,1106,19,4,,0,120,,1101,19,4,,0,80,,1102,19,4,,0,30,,1107,19,4,,0,70,,1103,19,4,,0,120,,1104,19,4,,0
101,'4616',943,,1529,19,4,,0,85,,1530,19,4,,0,75,,1523,19,4,,0,45,,1531,19,4,,0,80,,1516,19,4,,0,75,,1517,19,4,,0,45,,1524,19,4,,0,80,,1518,19,4,,0,80,,1519,19,4,,0,40,,1520,19,4,,0,75,,1528,19,4,,0,95,,1521,19,4,,0,102,,1522,19,4,,0,103,,1525,19,4,,0,100,,1526,19,4,,0,100,,1527,19,4,,0
101,'4619',1344,,1122,19,4,,0,300,,1118,19,4,,0,180,,1123,19,4,,0,100,,1119,19,4,,0,100,,1120,19,4,,0,100,,1121,19,4,,0
101,'4931',1344,,1116,19,4,,0,300,,1115,19,4,,0,180,,1117,19,4,,0
101,'5087',734,,1066,19,4,,0,90,,1063,19,4,,0,80,,1067,19,4,,0,100,,1068,19,4,,0,20,,1060,19,4,,0,80,,1064,19,4,,0,40,,1069,19,4,,0,80,,1065,19,4,,0,80,,1061,19,4,,0,40,,1071,19,4,,0,80,,1056,19,4,,0,80,,1057,19,4,,0,30,,1062,19,4,,0,70,,1058,19,4,,0,40,,1070,19,4,,0,80,,1059,19,4,,0,100,,1072,19,4,,0
400,'4614',747,,1233,24,4,,0,400,,1231,24,4,,0,280,,1232,24,4,,0
400,'4619',1747,,1235,24,4,,0
400,'4931',1747,,1234,24,4,,0
400,'5087',747,,1229,24,4,,0,400,,1227,24,4,,0,280,,1228,24,4,,0,320,,1230,24,4,,0
401,'4614',747,,1243,1,,,0,400,,1241,1,,,0,280,,1242,1,,,0
401,'4619',1747,,1245,1,,,0
401,'4931',1747,,1244,1,,,0
401,'5087',747,,1239,1,,,0,400,,1237,1,,,0,280,,1238,1,,,0,320,,1240,1,,,0
