1,100,'4159',1018,1019,1020,1021,1022,1023,1024,1025,1026,1027,1028
1,100,'4614',1029,1030,1031,1032,1033,1034,1035,1036,1037,1038,1039,1040,1041,1042
1,100,'4616',1501,1502,1503,1504,1505,1506,1507,1508,1509,1510,1511,1512,1513,1514,1515
1,100,'4619',1045,1046,1047,1048,1049
1,100,'4931',1043,1044
1,100,'5087',1001,987,988,989,990,1002,991,992,993,994,995,996,997,998,999,1000
1,101,'4159',1089,1090,1091,1092,1093,1094,1095,1096,1097,1098,1099,1100
1,101,'4614',1101,1102,1103,1104,1105,1106,1107,1108,1109,1110,1111,1112,1113,1114
1,101,'4616',1516,1517,1518,1519,1520,1521,1522,1523,1524,1525,1526,1527,1528,1529,1530,1531
1,101,'4619',1118,1119,1120,1121,1122,1123
1,101,'4931',1115,1116,1117
1,101,'5087',1070,1056,1057,1058,1059,1071,1072,1060,1061,1062,1063,1064,1065,1066,1067,1068,1069
2,200,'4159',1150,1151,1152,1153,1154,1155
2,200,'4614',1156,1157,1158,1159,1160,1161,1162,1163
2,200,'4616',1532,1533,1534,1535,1536,1537,1538,1539,1540
2,200,'4619',1168,1169,1170,1171,1172
2,200,'4931',1164,1165,1166,1167
2,200,'5087',1129,1137,1138,1139,1140,1130,1131,1132,1133,1134,1135,1136
3,301,'4159',1202,1203,1204,1205,1206
3,301,'4614',1207,1208,1209,1210,1211,1212,1213,1214
3,301,'4616',1541,1542,1543,1544,1545,1546,1547,1548,1549,1550
3,301,'4619',1220,1221,1222,1223,1224,1225
3,301,'4931',1215,1216,1217,1218,1219
3,301,'5087',1187,1188,1189,1179,1190,1191,1180,1181,1182,1183,1184,1185,1186
4,400,'4614',1231,1232,1233
4,400,'4619',1235
4,400,'4931',1234
4,400,'5087',1230,1227,1228,1229
4,401,'4614',1241,1242,1243
4,401,'4619',1245
4,401,'4931',1244
4,401,'5087',1240,1237,1238,1239
5,500,'4159',1287,1288,1289,1290,1291,1292,1293
5,500,'4614',1294,1295,1296,1297,1298,1299,1300,1301,1302,1303,1304,1305,1306,1307,1308,1309,1310,1311,1312
5,500,'4616',1551,1552,1553,1554,1555,1556,1557,1558,1559,1560,1561,1562,1563
5,500,'4619',1317,1318,1319,1320,1321
5,500,'4931',1313,1314,1315,1316
5,500,'5087',1270,1271,1272,1251,1252,1253,1254,1255,1273,1256,1257,1258,1259,1260,1261,1262,1263,1264,1265,1266,1267,1268,1269
7,700,'4159',1353,1354,1355,1356,1357,1358
7,700,'4614',1359,1360,1361,1362,1363,1364,1365,1366,1367,1368
7,700,'4616',1564,1565,1566,1567,1568,1569,1570,1571,1572,1573,1574,1575
7,700,'4619',1372,1373,1374,1375,1376,1377
7,700,'4931',1369,1370,1371
7,700,'5087',1338,1328,1339,1340,1329,1330,1331,1332,1333,1334,1335,1336,1337
14,1401,'4159',1418,1419,1420,1421,1422,1423
14,1401,'4614',1424,1425,1426,1427,1428,1429,1430,1431,1432,1433,1434
14,1401,'4616',1576,1577,1578,1579,1580,1581,1582,1583,1584,1585,1586,1587,1588,1589,1590,1591
14,1401,'4619',1440,1441,1442,1443,1444,1445,1446,1447
14,1401,'4931',1435,1436,1437,1438,1439
14,1401,'5087',1397,1398,1399,1386,1387,1400,1401,1388,1389,1390,1391,1392,1393,1394,1395,1396
22,2200,'4653',1448,1449,1450,1451,1452,1453
22,2201,'4653',1454,1455,1456,1457,1458,1459
23,2300,'5085',1460,1461,1462,1463,1464,1465,1466,1467,1468,1469,1470,1471,1472,1473,1474,1475,1476,1477,1478,1479
31,3100,'4653',1480,1481
31,3101,'4653',1482,1483
32,3200,'4653',1484,1485,1486
32,3201,'4653',1487,1488,1489
33,3301,'4653',1490,1491,1492
41,4100,'4653',1493,1494,1495,1496,1497
41,4101,'4653',1498,1499,1500
