301,'4159',1103,,1202,4,,,0,120,,1203,4,,,0,135,,1204,4,,,0,160,,1205,4,,,0,120,,1206,4,,,0
301,'4614',737,,1209,4,,,0,75,,1211,4,,,0,24,,1212,4,,,0,80,,1210,4,,,0,107,,1213,4,,,0,93,,1214,4,,,0,100,,1208,4,,,0,100,,1207,4,,,0
301,'4616',917,,1544,4,,,0,100,,1545,4,,,0,100,,1541,4,,,0,100,,1550,4,,,0,103,,1542,4,,,0,97,,1548,4,,,0,100,,1549,4,,,0,100,,1543,4,,,0,100,,1546,4,,,0,105,,1547,4,,,0
301,'4619',1416,,1220,4,,,0,100,,1223,4,,,0,40,,1221,4,,,0,100,,1224,4,,,0,101,,1222,4,,,0,86,,1225,4,,,0
301,'4931',1416,,1215,4,,,0,100,,1218,4,,,0,40,,1216,4,,,0,100,,1219,4,,,0,101,,1217,4,,,0
301,'5087',737,,1181,4,,,0,75,,1183,4,,,0,24,,1184,4,,,0,80,,1182,4,,,0,107,,1185,4,,,0,93,,1186,4,,,0,100,,1180,4,,,0,100,,1179,4,,,0,100,,1187,4,,,0,100,,1190,4,,,0,40,,1188,4,,,0,100,,1191,4,,,0,101,,1189,4,,,0
700,'4159',1036,,1356,4,,,0,115,,1357,4,,,0,158,,1358,4,,,0,137,,1353,4,,,0,160,,1354,4,,,0,120,,1355,4,,,0
700,'4614',754,,1365,4,,,0,57,,1360,4,,,0,40,,1361,4,,,0,100,,1366,4,,,0,104,,1368,4,,,0,96,,1367,4,,,0,100,,1362,4,,,0,100,,1363,4,,,0,303,,1364,4,,,0,88,,1359,4,,,0
700,'4616',1001,,1574,4,,,0,50,,1564,4,,,0,100,,1565,4,,,0,100,,1575,4,,,0,100,,1566,4,,,0,100,,1572,4,,,0,100,,1573,4,,,0,100,,1569,4,,,0,100,,1567,4,,,0,100,,1568,4,,,0,92,,1570,4,,,0,100,,1571,4,,,0
700,'4619',1451,,1376,4,,,0,80,,1377,4,,,0,80,,1372,4,,,0,231,,1373,4,,,0,100,,1374,4,,,0,100,,1375,4,,,0
700,'4931',1451,,1370,4,,,0,80,,1371,4,,,0,80,,1369,4,,,0
700,'5087',754,,1334,4,,,0,57,,1329,4,,,0,40,,1330,4,,,0,100,,1335,4,,,0,104,,1337,4,,,0,96,,1336,4,,,0,100,,1331,4,,,0,100,,1332,4,,,0,100,,1339,4,,,0,80,,1340,4,,,0,80,,1338,4,,,0,43,,1333,4,,,0,88,,1328,4,,,0
