101,'4159',1002,,1097,3,,,0,35,,1089,3,,,0,81,,1098,3,,,0,39,,1090,3,,,0,81,,1091,3,,,0,94,,1092,3,,,0,81,,1093,3,,,0,39,,1099,3,,,0,81,,1094,3,,,0,77,,1100,3,,,0,43,,1095,3,,,0,89,,1096,3,,,0
101,'4614',722,,1111,3,,,0,90,,1108,3,,,0,40,,1112,3,,,0,100,,1113,3,,,0,60,,1105,3,,,0,40,,1109,3,,,0,80,,1114,3,,,0,80,,1110,3,,,0,40,,1106,3,,,0,160,,1101,3,,,0,40,,1102,3,,,0,70,,1107,3,,,0,30,,1103,3,,,0,160,,1104,3,,,0
101,'4616',932,,1529,3,,,0,85,,1530,3,,,0,35,,1523,3,,,0,85,,1531,3,,,0,80,,1516,3,,,0,35,,1517,3,,,0,85,,1524,3,,,0,80,,1518,3,,,0,40,,1519,3,,,0,80,,1520,3,,,0,75,,1528,3,,,0,95,,1521,3,,,0,102,,1522,3,,,0,103,,1525,3,,,0,100,,1526,3,,,0,100,,1527,3,,,0
101,'4619',1332,,1122,3,,,0,300,,1118,3,,,0,180,,1123,3,,,0,100,,1119,3,,,0,100,,1120,3,,,0,100,,1121,3,,,0
101,'4931',1332,,1116,3,,,0,300,,1115,3,,,0,180,,1117,3,,,0
101,'5087',722,,1066,3,,,0,90,,1063,3,,,0,40,,1067,3,,,0,100,,1068,3,,,0,60,,1060,3,,,0,40,,1064,3,,,0,80,,1069,3,,,0,80,,1065,3,,,0,40,,1061,3,,,0,80,,1071,3,,,0,80,,1056,3,,,0,40,,1057,3,,,0,70,,1062,3,,,0,30,,1058,3,,,0,80,,1070,3,,,0,80,,1059,3,,,0,100,,1072,3,,,0
400,'4614',731,,1233,3,,,0,400,,1231,3,,,0,280,,1232,3,,,0
400,'4619',1731,,1235,3,,,0
400,'4931',1731,,1234,3,,,0
400,'5087',731,,1229,3,,,0,400,,1227,3,,,0,280,,1228,3,,,0,320,,1230,3,,,0
